-8.8841e+06 -8500915
-721106 -514109
-4.1294e+06 -3985971
-2.48734e+07 -24766581
1.33597e+07 13338830
1.42795e+07 14423905
2.64972e+07 26526187
-4.85995e+06 -4911068
-1.36659e+06 -1316913
-1.19329e+07 -11912345
-2.0647e+07 -20758432
2.20008e+07 22192565
-8.07775e+06 -8086972
-3.72353e+07 -37111316
-3.06872e+07 -30587967
-5.62425e+06 -5531489
54882.2 -87381
-1.9961e+07 -20231232
-1.40997e+07 -13908376
3.72054e+07 37164744
-1.2691e+07 -12495071
-3.35716e+07 -33387202
-2.73851e+06 -2916283
2.92786e+06 2962835
-7.5568e+06 -7827918
-1.59471e+07 -15668089
1.30322e+07 13021967
-1.44634e+07 -14527231
-3.36758e+06 -3294331
9.01862e+06 9231345
-2.20828e+07 -21828804
1.71415e+06 1380958
-3.26199e+07 -32721094
-8.06837e+06 -7932279
-7.85598e+06 -7891592
-3.34385e+07 -33162500
-1.55421e+07 -15606814
-5.05848e+06 -4856822
-2.33236e+06 -2433376
-1.22133e+07 -12307334
2.13863e+06 2104533
-6.48725e+06 -6505276
1.3809e+06 1307598
1.69607e+07 16815313
-3.31645e+07 -33155906
3.57947e+06 3678904
-2.01197e+07 -20163030
-1.70451e+07 -16985499
-6.59508e+06 -6513130
6.88332e+06 6962636
4.80296e+06 4699509
-1.42761e+06 -1264933
-86846.4 -188267
-789972 -806700
3.20485e+06 3564630
4.31094e+06 4132532
-2.76627e+07 -27555413
-2.43496e+07 -24151958
3.04237e+07 30278762
2.5142e+07 25146839
-2.84763e+07 -28547720
-1.97286e+07 -19618349
2.29395e+06 2107327
8.07932e+06 8125610
1.29929e+07 13007083
2.12603e+07 21088574
-1.27907e+07 -12920040
1.54454e+06 1635264
-1.3978e+07 -13696352
-2.38308e+07 -23943901
-1.50403e+07 -15182831
1.47339e+07 14759131
-3.24481e+07 -32528859
-1.2675e+07 -12706680
-2.35839e+07 -23622185
-3.6658e+07 -36524209
-1.74705e+07 -17380096
-5.45117e+07 -54407359
-2.51724e+07 -24959908
247782 242352
-9.42259e+06 -9358713
-7.08251e+06 -7230592
-2.0293e+06 -1942528
-701018 -379289
-1.0698e+07 -10396806
2.64946e+07 26505559
-1.15569e+07 -11325303
1.3218e+07 13008623
-2.42307e+07 -24357659
-7.49741e+06 -7529842
-4.02519e+07 -40215534
-2.98336e+07 -30270761
7.53321e+06 7534142
-1.30431e+07 -13090848
3.77916e+06 3607630
-2.22206e+07 -22058813
1.35385e+07 13619540
-1.17063e+06 -1123402
1.47414e+07 14763674
4.22358e+06 4309911
-9.30272e+06 -9275485
-2.17672e+07 -21881586
-1.32747e+07 -13318688
2.63824e+07 26347570
6.77246e+06 6592810
3.84804e+06 3858029
-2.82787e+07 -28102957
1.08272e+07 10603651
-2.21276e+07 -22222024
7.1737e+06 7214380
1.37421e+07 13642008
1.79809e+07 17692152
-2.66314e+07 -26563029
1.98636e+06 1744682
-3.14583e+07 -31513336
-2.67505e+07 -26714255
1.65558e+07 16801453
-138870 -238072
-1.11192e+07 -10852292
1.71821e+06 1695684
3.14461e+06 2964250
-2.20587e+06 -2202773
2.31565e+07 22960143
-1.76791e+07 -17586836
-5.86511e+06 -6071914
1.69795e+07 16828387
159571 298791
-2.66145e+06 -2575957
6.3762e+06 6495381
-1.3264e+06 -1372610
-3.58644e+06 -3623346
-1.62608e+06 -1712208
4.70921e+06 4853740
-2.60866e+07 -26123828
-1.54057e+07 -15648861
2.39018e+07 23795918
-6.56365e+06 -6718085
7.00059e+06 6968496
-1.23162e+07 -12645893
-2.61062e+07 -25982635
-1.04262e+07 -10261217
7.64068e+06 7479330
-1.07985e+07 -11141945
-1.84932e+07 -18169884
7.17386e+06 7292319
-1.3881e+07 -13800306
-1.1185e+07 -11011802
-8.96101e+06 -9101778
1.13898e+07 11557235
-3.94735e+07 -39258106
-6.63682e+06 -6519292
986052 663565
-4.70753e+06 -4709974
4.04429e+06 4013847
-4.12683e+06 -4319189
68010.2 -3432
1.80757e+07 17992561
-1.57091e+07 -15722163
-2.79036e+07 -27789729
-2.59876e+06 -2803455
1.7359e+07 17415035
7.91352e+06 7894779
-4.8011e+06 -4556468
-7.10768e+06 -7235562
-6.20201e+06 -6187299
-2.58009e+07 -25735757
-4.91525e+06 -5034959
-2.46634e+07 -24690410
-1.25156e+07 -12571051
-2.49412e+06 -2291515
-2.26057e+07 -22875942
-3.0303e+07 -30459235
-2.17415e+06 -2203041
-2.05993e+07 -20666377
4.22252e+06 4146894
-6.36106e+06 -6270317
-3.54168e+06 -3353886
1.87928e+06 1781889
2.1153e+06 2118368
-1.66492e+07 -16871690
1.42661e+07 14275822
8.66267e+06 8635131
-2.02658e+07 -20160458
-2.34082e+07 -23428446
-2.75916e+07 -27677513
1.52089e+07 15414361
-3.60211e+07 -35927763
-2.62042e+07 -26209545
-3.21434e+06 -3216671
-1.74801e+06 -1889646
-4.50182e+06 -4721060
-3.78667e+07 -37649137
-1.55268e+07 -15429576
-2.01433e+06 -1998036
3.90533e+06 3997042
-2.55034e+06 -2560468
-1.81641e+07 -17911641
-1.30039e+07 -13078754
-2.26274e+07 -22798985
-3.53073e+07 -35466373
-2.94774e+07 -29496223
-2.42153e+06 -2236836
2.81573e+06 2695277
-1.49953e+07 -15021200
2.62485e+07 26297678
48265.2 125814
479799 394241
1.3949e+07 14057497
-2.66443e+07 -26610996
-1.24094e+06 -1186510
-2.17447e+07 -21909114
9.58207e+06 9548681
-1.19537e+07 -11726779
-2.20582e+07 -21914597
1.76147e+07 17482101
-1.13182e+07 -11412897
-2.33847e+07 -23520376
-1.75134e+07 -17458017
1.46348e+07 14500005
-7.25113e+06 -7167553
-7.79293e+06 -7797198
164796 253033
1.04216e+07 10485976
-7.69596e+06 -7709447
-2.25283e+07 -22486818
-2.34636e+07 -23405487
-1.22288e+06 -1358682
3.02495e+07 30550921
-1.51322e+06 -1541848
-1.37996e+07 -13577312
-2.6483e+06 -2603378
-2.11617e+07 -20939804
-1.81829e+07 -18342860
-2.67107e+07 -26634940
-1.58019e+07 -15776587
-2.89563e+07 -28818607
-2.08177e+07 -20925449
3.84837e+06 3965497
-4.79337e+06 -4650991
-1.90407e+07 -18855782
-6.95138e+06 -6906520
3.03999e+06 3042022
-1.7121e+07 -17316010
1.82845e+07 18267273
-2.99123e+07 -29889388
-3.15209e+06 -3186061
-2.47875e+07 -25066998
1.63142e+06 1607646
-1.98893e+07 -19972312
-1.64736e+07 -16221658
-2.38368e+07 -23930202
-2.06956e+07 -20962799
-9.94949e+06 -9943007
-1.51346e+07 -15126597
-4.31778e+07 -42886616
-3.43728e+07 -34485773
