40 46.8426 50.7272
80 34.4272 35.4333
120 29.249 29.6033
160 25.6013 27.9687
200 17.9466 18.5157
240 13.2314 12.9319
280 17.6194 18.8326
320 13.4721 15.1154
360 10.8638 11.1899
400 9.20692 10.3146
440 6.51839 7.28077
480 5.78292 6.67066
520 5.58095 7.03888
560 4.33322 4.85712
600 4.13194 4.95167
640 3.63407 4.61566
680 3.14364 4.61775
720 3.26823 4.03289
760 3.52316 4.16305
800 3.60118 3.83434
840 2.8559 3.61349
880 2.78602 3.90485
920 2.56021 4.24651
960 2.55934 3.86133
1000 2.33975 3.87804
1040 2.27929 3.81359
1080 2.23459 3.35447
1120 2.08093 3.26275
1160 2.13631 3.21841
1200 1.9809 2.82295
1240 1.98361 2.63536
1280 1.95104 3.30169
1320 1.94272 2.63747
1360 1.89188 2.55094
1400 1.88446 2.83025
1440 1.74379 2.67907
1480 1.74941 2.54467
1520 1.78286 2.44679
1560 1.81802 2.42929
1600 1.70529 2.58761
1640 1.83074 2.89432
1680 1.70418 2.56888
1720 1.61045 2.35305
1760 1.70181 2.57948
1800 1.6888 2.48391
1840 1.63842 2.76445
1880 1.74211 2.83665
1920 1.69054 2.49493
1960 1.69519 2.69701
2000 1.61368 2.48733
