100
1 0.381891 0.389537
2 0.674044 0.709457
3 0.938833 0.993561
4 0.943662 0.997988
5 0.944064 0.996378
6 0.947686 0.989537
7 0.956942 0.967404
8 0.970221 0.958954
9 0.983099 0.948491
10 0.993964 0.933602
11 0.997988 0.931992
12 0.999598 0.930382
13 1 0.930785
14 1 0.930785
15 1 0.930785
16 1 0.930785
17 1 0.930785
18 1 0.930785
19 1 0.930785
20 1 0.930785
21 1 0.930785
22 1 0.930785
23 1 0.930785
24 1 0.930785
25 1 0.930785
26 1 0.930785
27 1 0.930785
28 1 0.930785
29 1 0.930785
30 1 0.930785
31 1 0.930785
32 1 0.930785
33 1 0.930785
34 1 0.930785
35 1 0.930785
36 1 0.930785
37 1 0.930785
38 1 0.930785
39 1 0.930785
40 1 0.930785
41 1 0.930785
42 1 0.930785
43 1 0.930785
44 1 0.930785
45 1 0.930785
46 1 0.930785
47 1 0.930785
48 1 0.930785
49 1 0.930785
50 1 0.930785
51 1 0.930785
52 1 0.930785
53 1 0.930785
54 1 0.930785
55 1 0.930785
56 1 0.930785
57 1 0.930785
58 1 0.930785
59 1 0.930785
60 1 0.930785
61 1 0.930785
62 1 0.930785
63 1 0.930785
64 1 0.930785
65 1 0.930785
66 1 0.930785
67 1 0.930785
68 1 0.930785
69 1 0.930785
70 1 0.930785
71 1 0.930785
72 1 0.930785
73 1 0.930785
74 1 0.930785
75 1 0.930785
76 1 0.930785
77 1 0.930785
78 1 0.930785
79 1 0.930785
80 1 0.930785
81 1 0.930785
82 1 0.930785
83 1 0.930785
84 1 0.930785
85 1 0.930785
86 1 0.930785
87 1 0.930785
88 1 0.930785
89 1 0.930785
90 1 0.930785
91 1 0.930785
92 1 0.930785
93 1 0.930785
94 1 0.930785
95 1 0.930785
96 1 0.930785
97 1 0.930785
98 1 0.930785
99 1 0.930785
100 1 0.930785
