100
1 0.945345 1
2 0.945345 1
3 0.946547 0.998198
4 0.947147 0.998198
5 0.948949 0.995195
6 0.956156 0.983183
7 0.969369 0.966366
8 0.976577 0.953153
9 0.988589 0.93994
10 0.994595 0.930931
11 0.998799 0.932132
12 1 0.933934
13 1 0.933934
14 1 0.933934
15 1 0.933934
16 1 0.933934
17 1 0.933934
18 1 0.933934
19 1 0.933934
20 1 0.933934
21 1 0.933934
22 1 0.933934
23 1 0.933934
24 1 0.933934
25 1 0.933934
26 1 0.933934
27 1 0.933934
28 1 0.933934
29 1 0.933934
30 1 0.933934
31 1 0.933934
32 1 0.933934
33 1 0.933934
34 1 0.933934
35 1 0.933934
36 1 0.933934
37 1 0.933934
38 1 0.933934
39 1 0.933934
40 1 0.933934
41 1 0.933934
42 1 0.933934
43 1 0.933934
44 1 0.933934
45 1 0.933934
46 1 0.933934
47 1 0.933934
48 1 0.933934
49 1 0.933934
50 1 0.933934
51 1 0.933934
52 1 0.933934
53 1 0.933934
54 1 0.933934
55 1 0.933934
56 1 0.933934
57 1 0.933934
58 1 0.933934
59 1 0.933934
60 1 0.933934
61 1 0.933934
62 1 0.933934
63 1 0.933934
64 1 0.933934
65 1 0.933934
66 1 0.933934
67 1 0.933934
68 1 0.933934
69 1 0.933934
70 1 0.933934
71 1 0.933934
72 1 0.933934
73 1 0.933934
74 1 0.933934
75 1 0.933934
76 1 0.933934
77 1 0.933934
78 1 0.933934
79 1 0.933934
80 1 0.933934
81 1 0.933934
82 1 0.933934
83 1 0.933934
84 1 0.933934
85 1 0.933934
86 1 0.933934
87 1 0.933934
88 1 0.933934
89 1 0.933934
90 1 0.933934
91 1 0.933934
92 1 0.933934
93 1 0.933934
94 1 0.933934
95 1 0.933934
96 1 0.933934
97 1 0.933934
98 1 0.933934
99 1 0.933934
100 1 0.933934
